Fire Simulation Profiling Results
Job executed on: aolin-gpu-3.uab.cat at Fri Oct 10 17:06:30 CEST 2025
=================================================

--- Test Case: test2 ---


----------------------------------------------------
           PERFORMANCE PROFILING RESULTS
----------------------------------------------------
Total time spent in main iterations: 69.666244 seconds

Time in Loop a (Activate Focal): 0.000007 s  (0.00 %)
Time in Loop b (Propagate Heat): 69.666076 s  (100.00 %)
Time in Loop c (Move Teams):     0.000021 s  (0.00 %)
Time in Loop d (Team Actions):   0.000136 s  (0.00 %)
----------------------------------------------------

Time: 69.804714
Result: 30 504.602448 701.490234 665.609436 691.583923 708.120361 634.366211 619.410522 190.532272 206.750961 365.395752 396.910950 472.406952 701.870361 225.580093 320.048828 392.972809 211.829987 701.209412 225.546234 217.986023

--- Test Case: test3 ---


----------------------------------------------------
           PERFORMANCE PROFILING RESULTS
----------------------------------------------------
Total time spent in main iterations: 20.159945 seconds

Time in Loop a (Activate Focal): 0.002368 s  (0.01 %)
Time in Loop b (Propagate Heat): 15.475411 s  (76.76 %)
Time in Loop c (Move Teams):     0.541141 s  (2.68 %)
Time in Loop d (Team Actions):   4.140303 s  (20.54 %)
----------------------------------------------------

Time: 20.160913
Result: 4395 2.498683 0.763438 0.123082 0.288063 1.414583 0.788025 0.282673 0.722836 0.002832 0.174520 0.024392 0.631303 0.012473 0.238986 0.508375 1.022796 0.988787 4.849469 1.164151 0.291735 1.754601 0.007555 2.278429 0.000038 0.201237 0.327715 0.669812 1.492611 0.910334 1.248332 0.650236 0.610251 0.222823 0.929051 1.199472 0.391652 4.609753 0.278173 0.114737 6.008886 0.094802 0.031576 0.647057 0.085383 0.080259 0.153154 0.080166 0.133438 1.351273 0.347914 0.549476 0.008065 0.006723 0.077075 0.065896 0.038379 0.851238 0.044073 2.964761 1.837825 0.037736 0.061115 0.061390 1.967370 1.287877 0.267835 0.769348 1.726647 0.009324 0.605838 0.001636 0.141841 0.163395 1.112731 0.506344 0.025180 0.105326 0.200440 0.987432 0.096897 6.962683 1.133769 0.004267 1.935379 1.514753 0.206087 0.344939 0.013478 0.219578 0.069253 7.077013 0.120210 0.194742 0.001489 0.076073 0.002446 2.132240 0.007901 2.069407 0.051561 4.355394 2.112769 0.557763 0.211576 0.157614 3.080893 0.119824 0.103057 1.469635 3.270928 4.673912 0.000075 1.228680 0.341784 0.168761 0.031206 3.419887 3.118790 0.112551 0.000085 0.059231 0.199470 0.136295 0.577198 0.647059 0.124486 5.129187 0.003509 2.562967 0.055975 0.563867 0.000039 0.738552 0.354396 0.092997 0.253155 0.605310 0.246879 1.349153 1.180820 1.731475 0.111541 0.140294 0.020813 0.794438 6.782086 0.042018 1.366875 0.580424 0.068022 0.595978 0.635382 0.973878 0.783583 0.000580 0.935179 3.149893 0.441271 0.560056 0.088818 0.097617 0.014062 3.440693 4.168390 0.737637 2.039050 3.343130 2.303149 0.661922 0.100365 0.001662 0.035227 0.884211 0.359881 0.123511 0.380973 1.284100 0.445934 0.193930 5.992501 0.124982 0.076418 0.025645 0.232391 0.126386 0.885561 0.650742 0.089020 0.000124 4.336181 2.069600 0.487673 6.898333 0.078797 0.033993 0.208347 1.688432 1.821189 4.970116 0.396096 0.446889 1.684812 0.553394 0.001428 1.819021 1.991510 0.561114 0.026827 2.482224 0.392730 0.026484 4.980374 0.100135 0.173154 0.000344 0.918263 0.008842 0.077749 0.598095 2.287659 0.005760 2.455352 1.003350 0.289500 0.332481 0.004402 0.327362 0.188440 0.116260 0.265079 0.065680 0.077364 1.311159 0.102087 1.543614 1.117879 0.167180 0.149285 0.210737 0.178286 6.306952 0.073724 1.171475 0.998076 3.319257 2.500122 0.039198 0.000797 1.159087 1.511175 3.456969 0.097291 0.671093 4.194305 0.057371 0.555587

--- Test Case: test4 ---


----------------------------------------------------
           PERFORMANCE PROFILING RESULTS
----------------------------------------------------
Total time spent in main iterations: 37.565306 seconds

Time in Loop a (Activate Focal): 0.005447 s  (0.01 %)
Time in Loop b (Propagate Heat): 9.114131 s  (24.26 %)
Time in Loop c (Move Teams):     8.720279 s  (23.21 %)
Time in Loop d (Team Actions):   19.724933 s  (52.51 %)
----------------------------------------------------

Time: 37.566102
Result: 2707 0.025079 0.000040 0.000014 0.000000 0.000088 0.001241 0.012286 0.067451 0.000000 0.000000 0.002820 0.065787 0.000000 0.000001 0.000037 0.043335 0.002936 0.034853 0.001292 0.031436 0.000001 0.006115 0.008575 0.000000 0.009641 0.017592 2.409970 0.008287 0.000484 0.021246 0.004855 0.000000 0.030464 0.002610 0.033242 0.008300 0.002995 0.026967 0.016283 0.011594 0.004952 0.032407 0.000234 0.016082 7.754189 0.000136 0.000376 0.000600 2.891734 0.005938 0.026010 0.000000 0.009573 0.000961 0.000040 0.011973 0.018885 4.271628 1.716078 0.009310 0.002989 0.006807 0.003199 0.050780 0.000277 4.483931 0.000214 0.017215 0.002819 0.034269 0.001211 0.000581 0.003348 0.000026 0.047617 0.002942 0.000412 0.011352 0.000003 0.000000 0.000147 0.000254 0.000000 0.108869 0.012549 0.023648 0.000615 0.018749 0.000005 0.000006 0.002695 0.004030 0.001004 0.000928 0.025568 0.205612 0.000099 0.000000 0.000000 0.005301 7.594944 0.000612 0.026133 0.000253 0.001637 0.000000 0.049116 0.102027 0.026011 0.089951 0.111120 0.000043 1.145604 0.000000 0.001288 0.047922 0.000003 0.001630 0.000926 0.074744 0.000000 0.001805 0.009735 0.068084 0.038192 0.000007 0.001088 0.014440 0.000031 0.078695 0.119312 0.017323 0.001014 0.000605 0.003880 0.024259 0.001193 4.010253 0.054412 0.000007 0.000632 0.000463 0.003681 0.031706 1.155998 0.000056 0.812926 0.000043 0.000588 0.058185 0.975446 0.000011 0.082394 0.008582 0.025732 0.002640 1.624585 0.000970 0.000858 0.096291 0.001565 0.000013 0.000043 0.000000 0.126699 4.876905 0.002423 0.000294 0.000053 0.000158 0.020231 0.001034 0.000018 0.109229 0.008429 0.001402 0.000000 0.370732 4.633206 5.608741 0.052216 0.485902 0.000065 0.000406 0.000195 0.003555 0.000225 0.078136 0.179023 0.015658 0.058929 0.023195 3.634852 0.002375 0.104463 0.000002 0.000042 0.004556 0.003113 0.003710 0.000000 0.047478 0.000000 0.000000 0.064353 0.747509 0.001428 0.003914 0.001032 0.007065 1.041241 0.026527 0.041823 0.058944 0.001015 0.000141 0.000035 0.056360 0.025399 0.001931 0.107497 0.004827 1.289094 0.003981 0.007439 0.021075 0.006352 0.000348 0.001671 0.019872 0.000000 0.038941 0.001154 7.225398 1.344731 0.093464 0.022582 0.001143 5.379865 0.005289 0.000471 0.000846 0.010832 0.937554 0.055939 0.029652 0.012780 0.001780 0.019760 0.001014 0.002990 0.125965 0.029533 0.000580 0.003025 0.009979 0.001250 0.000277 0.052898 0.000621 0.000524 0.087186 0.007842 0.020857 0.060277 0.003102 0.022623 0.000998 0.035078 0.000041 0.033895 0.000000 0.000082 0.000335 0.000000 0.000000 0.010203 0.355561 0.013363 0.015545 0.051847 0.064463 0.046338 0.000133 0.010488 0.023989 0.021963 3.016399 0.000632 1.649444 1.311491 0.040536 0.019077 0.000008 0.003779 0.000155 0.037691 0.000009 0.031916 7.223850 0.000724 0.439696 0.000000 0.001289 0.000023 0.027829 0.000053 0.000110 0.001338 0.004104 0.006708 0.000246 0.323375 0.046099 0.000000 0.000380 0.055198 0.001310 0.000178 0.050375 0.032243 0.023121 0.000172 0.000049 0.000655 0.031119 0.000003 0.035045 0.069922 0.001645 0.000919 0.000000 0.000076 0.000001 0.000000 0.051059 0.000184 0.000091 0.076765 0.006647 3.082117 0.000007 0.002414 0.009050 0.059494 0.000398 0.002094 0.051029 0.075275 0.000032 0.042724 0.028213 2.139782 0.000344 0.006792 0.000035 0.004021 0.065205 0.000000 0.000000 0.000005 0.018275 0.000000 0.004907 0.045691 7.602196 0.000514 0.002206 0.005323 0.088467 0.004062 0.000613 0.000005 0.029309 0.072842 0.044526 3.461812 0.043048 0.000042 0.000320 0.019773 0.000530 0.084146 1.062490 0.018264 0.000993 0.001238 0.002410 0.053236 0.008643 0.071764 0.000022 0.000000 0.000220 0.000550 1.918597 0.000000 0.059555 0.002189 0.000396 0.000483 0.005463 0.000538 0.000000 0.002421 0.000000 0.000000 0.021766 0.038868 0.000004 0.060482 0.002076 0.020887 0.000045 0.045687 0.000001 0.000000 0.037387 0.002207 0.024971 0.111626 0.000221 0.006255 0.000008 2.509794 0.000000 2.091807 0.001106 2.148564 1.922007 0.000420 0.000486 0.002297 0.000096 0.001439 0.008104 0.074430 0.010943 0.000000 0.000003 0.011169 0.000841 3.114366 0.000000 0.177328 0.037824 0.000000 0.021403 0.001101 0.003299 0.048913 0.000177 0.005784 0.503365 0.018765 0.001305 0.018875 0.075935 0.440072 0.000413 0.199724 0.808571 0.000113 4.823723 2.935351 0.069379 0.001713 0.000691 0.045651 3.433769 0.000365 0.000000 0.000248 0.000006 0.002019 0.000022 0.018691 0.017699 0.000000 0.000405 0.000019 0.000005 0.001945 0.000187 2.110032 0.000619 0.001034 0.063103 0.000054 7.741289 0.000811 0.064239 0.000430 0.003834 0.446067 5.600938 0.002137 0.004408 0.030944 0.053885 0.039660 0.002691 0.000456 0.048789 0.000711 2.551296 0.281550 0.002430 0.000000 0.547194 0.038370 0.083578 0.000021 0.001149 0.000966 0.040657 0.024073 0.000140 0.000004 0.004659 0.031004 0.000171 0.063922 0.111563 0.079237 5.057019 0.083191 0.067797 0.008866 0.000007 0.003082 0.016424 0.001595 0.000182 0.000004 0.081021 0.006484 0.022072 4.382836 0.000374 0.000950 0.697926 0.072978 0.001269 2.079232 0.016335 0.000952 0.027990 0.000094 0.000022 3.989183 0.019614 0.005367 1.991923 0.007613 0.001834 0.000577 2.943504 0.015162 0.000000 0.000000 0.000000 1.227056 0.000000 0.036325 0.007052 0.001175 0.000001 0.089544 0.003405 0.000025 2.725114 0.038747 0.000000 0.000343 0.007103 0.006768 0.014076 0.000342 5.460578 0.001603 0.051707 0.000507 0.056581 0.007668 5.977039 0.073661 0.000000 0.000771 0.000015 0.000238 0.001288 0.000245 0.517639 0.001923 0.093532 0.000011 0.039393 0.103716 0.001225 1.287632 3.056557 0.005279 0.066003 0.005636 0.006560 0.689230 0.032683 0.046757 0.000006 0.000249 0.013598 0.031388 0.004343 0.002648 0.004757 0.004845 0.000000 1.487240 0.001249 0.002914 0.000000 5.078568 0.000048 0.000230 0.059531 0.000000 0.006510 0.000469 0.000008 0.001093 0.000524 0.053385 0.004288 0.000752 0.000013 0.000000 2.570828 0.059102 0.006323 0.000000 0.000531 0.064033 0.072287 0.000003 0.048910 0.001470 0.000024 0.009857 2.177822 0.040186 0.000415 0.000001 0.000007 0.000887 0.077051 0.001349 0.000017 0.045622 0.071850 0.000000 0.041575 0.001598 0.000008 0.000267 0.039900 0.061472 0.002459 0.011160 0.045724 0.053740 0.050939 0.000287 0.001434 0.093729 0.032719 0.103644 0.308758 0.000051 0.071136 0.000000 0.005656 0.061480 0.085692 0.065535 0.232556 0.028613 0.001526 0.002354 0.000000 0.001663 3.580239 0.002953 0.016889 0.000565 0.000641 0.009105 0.000000 0.004907 0.119478 0.001366 0.000743 0.078005 0.037099 0.001283 0.000610 0.061301 0.017833 0.000216 0.000043 0.000830 0.000002 0.083795 0.001449 0.000101 0.028481 0.000018 0.002597 0.055847 0.000897 0.098575 0.000559 0.000467 0.000727 0.017570 0.021032 0.093646 0.016658 0.000300 0.072832 0.737367 0.710695 0.001137 0.000022 0.021994 0.001333 0.035462 0.000071 0.086149 0.000001 0.117095 0.001687 0.048030 0.006822 0.062881 0.000007 0.043245 0.070704 0.001346 0.024389 0.000000 0.067293 0.057645 0.039651 0.794068 0.000065 0.002819 4.382293 7.766227 0.041983 0.000074 0.000021 0.002820 2.303844 0.007837 0.061172 0.007615 0.001208 0.075121 0.000635 0.000000 0.000365 0.019033 0.017021 0.000409 1.488129 0.000000 0.000474 0.000003 0.000001 0.542234 0.000376 1.600192 0.058573 0.003617 0.048657 0.003498 0.006979 2.108519 5.104896 0.000008 0.001079 0.071952 0.002169 0.000165 0.000018 0.039626 0.000005 0.082805 0.000081 0.049539 0.314634 0.005170 0.000000 0.000000 0.001522 0.002430 0.000995 0.000487 7.707415 0.003842 3.366789 0.000039 0.001890 0.001029 0.152027 0.003431 0.000992 0.041763 0.037801 0.076384 0.000019 0.000037 0.000000 0.000000 0.044237 0.041221 0.067409 0.013873 4.676395 0.000165 0.024198 0.002621 0.000026 0.000290 0.000000 0.001665 5.730212 0.001439 0.000000 0.109725 0.026532 0.011367 0.000006 0.000295 0.586268 0.003743 0.001811 0.000121 1.192304 0.060023 0.098774 0.000000 0.008144 0.002683 0.001286 5.000341 0.076535 0.000000 0.018169 1.648442 0.000137 0.000033 1.022246 0.008096 0.067716 0.002865 0.001281 6.532970 0.000561 0.116543 0.297001 0.006198 0.000001 0.000902 0.000224 0.001938 0.000396 0.000000 0.000273 0.010845 0.000000 0.005108 0.004257 0.001052 0.000015 0.003135 0.000002 0.000044 0.004516 0.073892 0.357898 0.001083 0.001336 0.001572 0.000582 0.007112 0.004634 5.215209 0.002929 0.000623 0.046416 0.002050 0.000216 0.027486 5.130252 0.001134 0.000439 0.000000 0.051962 0.025038 0.000723 6.096878 0.000000 0.020444 0.018905 0.004413 0.002977 0.000001 0.041905 0.000000 0.071627 0.003061 0.047440 0.000550 0.000014 0.231646 0.000010 0.000405 0.019634 0.000017 0.006696 0.001018 0.000000 0.037688 0.001033 0.002353 0.008140 5.586723 5.047889 0.980785 0.001818 0.000002 0.069009 1.384639 0.001470 0.081885 0.000003 0.000003 0.090147 0.000166 0.046878 0.011626 0.010191 0.011278 0.000105 0.046024 0.023626 0.157371 0.010933 0.002986 0.000506 0.117494 0.035324 0.024321 0.000749 0.388327 0.721375 0.000240 0.005191 0.000004 0.080735 0.000093 0.013312 0.003638 0.004317 0.000053 0.001529 0.000842 0.000285 0.030900 0.119932 0.083201 0.000022 0.076270 0.000341 0.038602 0.012002 0.072546 0.001110 0.001237 0.000000 0.000068 4.131976 0.002094 0.000725 0.000004 0.000075 0.005622 0.000800
